 174 174 182 172 159 161 135 175
 182  88 178 133 104 194  46 196
 189 107 197 163 125 200  87 207
 191 107 201 175 136 203  93 205
 197 151 141 167 131 176 119 207
 189 204 116  74  47  96 209 209
 190 206 129  73  57 101 203 210
 185 201 207 177 139 209 208 207
 169 166 174 172 163 159 138 178
 183  78 172 134  97 193  48 195
 189 101 194 164 121 204  88 204
 188 103 195 172 131 206  92 205
 191 147 138 168 125 179 116 206
 188 204 117  73  45  88 204 205
 188 201 133  93  69 121 203 207
 184 201 206 181 138 212 207 207
 157 146 158 150 140 144 121 164
 175  74 178 120 102 184  43 192
 181  86 187 148 117 188  75 188
 187  91 187 162 123 191  83 192
 182 132 132 153 122 166 115 192
 182 189 102  71  46  96 189 198
 187 194 125  83  69 122 199 196
 177 190 189 158 131 189 191 194

 175 196 207 205 207 209 210 207
 135  46  87  93 119 209 203 208
 161 194 200 203 176  96 101 209
 159 104 125 136 131  47  57 139
 172 133 163 175 167  74  73 177
 182 178 197 201 141 116 129 207
 174  88 107 107 151 204 206 201
 174 182 189 191 197 189 190 185
 178 195 204 205 206 205 207 207
 138  48  88  92 116 204 203 207
 159 193 204 206 179  88 121 212
 163  97 121 131 125  45  69 138
 172 134 164 172 168  73  93 181
 174 172 194 195 138 117 133 206
 166  78 101 103 147 204 201 201
 169 183 189 188 191 188 188 184
 164 192 188 192 192 198 196 194
 121  43  75  83 115 189 199 191
 144 184 188 191 166  96 122 189
 140 102 117 123 122  46  69 131
 150 120 148 162 153  71  83 158
 158 178 187 187 132 102 125 189
 146  74  86  91 132 189 194 190
 157 175 181 187 182 182 187 177

 207 208 209 139 177 207 201 185
 210 203 101  57  73 129 206 190
 209 209  96  47  74 116 204 189
 207 119 176 131 167 141 151 197
 205  93 203 136 175 201 107 191
 207  87 200 125 163 197 107 189
 196  46 194 104 133 178  88 182
 175 135 161 159 172 182 174 174
 207 207 212 138 181 206 201 184
 207 203 121  69  93 133 201 188
 205 204  88  45  73 117 204 188
 206 116 179 125 168 138 147 191
 205  92 206 131 172 195 103 188
 204  88 204 121 164 194 101 189
 195  48 193  97 134 172  78 183
 178 138 159 163 172 174 166 169
 194 191 189 131 158 189 190 177
 196 199 122  69  83 125 194 187
 198 189  96  46  71 102 189 182
 192 115 166 122 153 132 132 182
 192  83 191 123 162 187  91 187
 188  75 188 117 148 187  86 181
 192  43 184 102 120 178  74 175
 164 121 144 140 150 158 146 157

 185 190 189 197 191 189 182 174
 201 206 204 151 107 107  88 174
 207 129 116 141 201 197 178 182
 177  73  74 167 175 163 133 172
 139  57  47 131 136 125 104 159
 209 101  96 176 203 200 194 161
 208 203 209 119  93  87  46 135
 207 210 209 207 205 207 196 175
 184 188 188 191 188 189 183 169
 201 201 204 147 103 101  78 166
 206 133 117 138 195 194 172 174
 181  93  73 168 172 164 134 172
 138  69  45 125 131 121  97 163
 212 121  88 179 206 204 193 159
 207 203 204 116  92  88  48 138
 207 207 205 206 205 204 195 178
 177 187 182 182 187 181 175 157
 190 194 189 132  91  86  74 146
 189 125 102 132 187 187 178 158
 158  83  71 153 162 148 120 150
 131  69  46 122 123 117 102 140
 189 122  96 166 191 188 184 144
 191 199 189 115  83  75  43 121
 194 196 198 192 192 188 192 164

